Simple probability
650 550

9

Title
3 195 18 165
0 
1
18
128 128 128
255 255 255
1

Cross
3 526 24 24
1 
Data/cross.png
0
1

Number of events:
25 5 25 168
0
1
20
128 128 128
255 255 255
1

Events:
100 5 25 67
0
1
20
128 128 128
255 255 255
1

Enter values
0 0 25 113
0
1
20
200 160 240
255 0 0
0

Expected value:
50 250 25 123
0
1
20
125 205 155
0 200 200
0

Variance:
75 250 25 97
0
1
20
125 205 155
0 200 200
0

Number of tests:
135 250 25 168
0
1
20
128 128 128
255 255 255
0

#
0 0 20 20
0
1
20
240 190 160
0 200 200
0

3

Number of events
60 20 25 70

0 200 155
37 37 37
0 200 255
34 34 34

20
240 240 240

Events
0 0 25 95

0 200 155
37 37 37
0 200 255
34 34 34

20
240 240 240

Number of tests
170 253 25 70

0 200 155
37 37 37
0 200 255
34 34 34

20
240 240 240