Walk on the graph
521 900

12

Title
3 368 18 165
0 
1
18
128 128 128
255 255 255
1

Cross
3 876 24 24
1 
Data/cross.png
0
1

Number of vertexes:
35 35 25 168
0
1
20
128 128 128
255 255 255
1

Number of edges:
95 35 25 168
0
1
20
128 128 128
255 255 255
0

Save vertexes
0 0 25 118
0
1
19
200 160 240
255 0 0
0

Enter values
0 0 25 113
0
1
19
200 160 240
255 0 0
0

Ok!
170 145 20 30 
0
1
18
0 190 155
0 100 255
0

Go!
66 110 20 30 
0
1
18
0 190 155
0 100 255
0

#
0 0 20 20
0
1
20
240 190 160
240 190 160
0

Pause
50 800 20 60
0
1
20
240 190 160
0 0 255
0

Play
75 800 20 45
0
1
20
240 190 160
0 255 0
0

Restart
100 800 20 70
0
1
20
240 190 160
0 200 200
0

4

Number of vertexes
65 35 25 70

0 190 155
37 37 37
0 100 255
30 30 30

20
240 240 240

Number of edges
125 35 25 70

0 190 155
37 37 37
0 100 255
30 30 30

20
240 240 240

Prob.
0 0 25 95

0 190 155
37 37 37
0 100 255
30 30 30

20
240 240 240

Vertex
0 0 25 45

0 190 155
37 37 37
0 100 255
30 30 30

20
240 240 240